$ANSIBLE_VAULT;1.1;AES256
39393861643838303739393366646166653561656135396464643461306537373538303165393135
6331336661353535623939616366613330623661326630330a376530373433336331613461346536
36366564633263376230343736333438396566616562653538356538323134376132313064373564
3762353262633537630a626161306632376639373833613663633230653235343631326434333735
35663238646464373638373736303232333037346266333237633166656566393639356532656362
63636262313733623566386136363734323530333530353337373339336633653435636430623661
31303837623333366231376566386130353636613234333965393862663133626134313638333063
64356633373639636134363036323139616537663264306237303731393937396135373937303666
35623264373931623931316166356164333563366432653364353539653438626664333866356261
37626162623163386135663133356430356230393464323132666237336636393133663930323432
31616135376161373533623739386365343439326438633636666333656538336430626234663831
63393665323666373166393131616665376438353232613938633762653366653438336432613834
35303032376237383334336365353363343237323837643762373235643932373663393335626231
34626633363965633764613566366238653637333736386338393265646165646132393130653064
61353237613433613466636437373430343238333562366334333237633563326464346264363235
32323962386666333861383235636336623763396533366132363833623333343835343562633233
30323034666637656539656637386338313930613430356363646661326564343366313830383533
64623862616665323233646330303237636639666263623036353961393930653630616330363863
34346532613937336430646638633531383864363262626461323938386661393236353338306531
64373931383436316135653066363833346534623932623538383732383531643931623766383936
32333464333266646361656338643838666432323035396532663432383939393164626438336263
65663234393666613766663539623163396430313239333132623036636264643263646462653732
61363835303364663661366665623664343761376665366136366232363935393162323433346132
36663062616439336563653937363438303330303331363039323433623833616339316436383335
3439
