$ANSIBLE_VAULT;1.1;AES256
32336361653030633731343235626635613663653938613035636163666237356330616465373837
3632646530396339663035396563646436666362623536370a376366343062316461363762383733
35373462663065306635373765623863333964653466643263353231353565366665363431393539
3361656366636562360a386635376130386137323134363838643831376565323632656163626361
36346637343637633364623439626361393331343637356236663361333837303031326435303131
63313230643233323166323130343132336638633133386661373961626566313463663764663032
66333535653461646631343366306337643464376163626661323261663335303463336663333632
61383464376439663239646634336431313430653566653236396563666539333166306163613031
38313361353733656634653635653362373231323730306439666335333965396432643330633963
30376461623861343032313433303934316563656635643433643965353364393962363938666135
63366262343030616135646631613365393937623266353038626461313966373335346639386134
64633837356664333863656263363766373030636230383331346135353861356532326566353765
30633735353134353133373637336436326163656530613930616436366437383266613434643332
35356639633136333361336134383336323735393362343335323866343330663937333530366436
36623962636139373434373334363461316634303066646463343937353466396436326435363130
65636538376237643163353265383430646635303535383832643636373630306265346661343761
38613735643733353733623334636562643937363939393764353437633566306535363230646365
39326366653033626661653134376639653630353333663139666637623736366461346663386265
62346662396365393064373933653266393333333362313335343738363466656131653861626334
38396231303734366137626430373034663837313334343635663763653964663231353034626561
31616564343434613237396662326139306562303338653632666238643834303338323062303464
33666530303232353062646232363765663036613135653736613336343834316337383561633434
63303233633638313065373231633233616663323665636565653834323238663164663264323133
35616137323933633139396364613666396232396532633736386232663939353637653936396137
3830
