$ANSIBLE_VAULT;1.1;AES256
62326162313766616633306265666332376565653030336636376436643634313831306336386537
6235363939353136336237373063393930346161366438310a323231383435613566663331333764
36393765663562333737666537613862656462376235363766323332386631396631656631646535
3061386465333263620a343935656438633239353937663636373437303435396232376361613332
63326234333561343064616237656132636265396366646364326639303134306266353837363261
38623464386637613062303661316262623565353336386535313339323136333165613938356433
34393265306235616161386639343164343830346261323162613336353633343265613263373833
66396164353561396433356238366237316238376333636539346232333735306465353835636633
63333132383834383534356336376439363438323330303434393630346566336130646235346563
62393531646531643636386235323030366264613839306631636437653966393530313536623739
30613336333766366666373536373131303666633265373032333831383539343830643837656232
32383264393537343937343839333233663937343164356332626165356438623565353363666265
34636139356336663934316263343335633365656438356565346633323238316138313566313730
30396134356632323236373136313365323263323438396534326631303436343961363231363633
34643235303733363765343636343633316630363235623237386330343638363036653430373763
61343136376235326461616266343030343562373138383664386630363435376434633962313363
38656130316462633339666334393366366461633931376230663565373639333763336335633065
38616266343132313865363437376431666430376562616164356130303163363130333262306131
34623131623138346632323539643734353734623965363833366161656231656232623564346162
66343362656164323230626262326661353833383665636338663961306132646139643837336633
37306431396538386636666637363166653536376532323631373639326334333930373366353636
38306538366361386338373631396530323030333334376135623238633936353966643661366439
36326134376137376134333331343536316566326138326662366334333735353766363532316339
61373535393666353130316332613963623230663636306164333532666238343835653831326237
61306433383166616534613135663836313737366462623739356663336564366165
